feiyu.png
size:4046,2914
filter:Linear,Linear
pma:true
1
bounds:1975,46,540,1451
rotate:90
10
bounds:3795,1457,143,158
rotate:90
11
bounds:3509,1204,195,371
rotate:90
12
bounds:3782,1937,225,304
13
bounds:1975,588,606,594
14
bounds:2,1576,1336,1999
rotate:90
16
bounds:3782,2538,262,374
17
bounds:3220,1201,198,287
rotate:90
18
bounds:1467,38,85,145
rotate:90
2
bounds:1483,453,104,350
20
bounds:2926,637,289,359
rotate:90
21
bounds:1483,805,108,150
22
bounds:2875,1191,247,343
rotate:90
23
bounds:3428,41,581,386
24
bounds:2583,591,335,341
rotate:90
25
bounds:3220,1401,302,573
rotate:90
26
bounds:3782,2243,226,293
27
bounds:3842,677,202,249
28
bounds:3795,1602,333,220
rotate:90
29
bounds:498,72,761,442
3
bounds:2,516,439,1479
rotate:90
30
bounds:3428,429,412,497
31
bounds:1616,6,314,333
rotate:90
33
bounds:944,26,118,44
34
bounds:3287,727,199,74
rotate:90
36
bounds:1064,30,58,40
37
bounds:1467,125,147,326
38
bounds:1627,322,1252,346
rotate:90
39
bounds:629,18,145,52
4
bounds:2,957,617,1623
rotate:90
40
bounds:498,2,129,68
41
bounds:2,29,485,494
rotate:90
43
bounds:1261,46,468,204
rotate:90
44
bounds:3842,473,86,202
5
bounds:3211,1705,1207,569
rotate:90
6
bounds:2003,1184,870,1728
7
bounds:2875,1440,334,1472
8
bounds:2583,928,254,1448
rotate:90
9
bounds:3930,555,79,120
yanbai
bounds:776,25,166,45
zui
bounds:1975,1550,24,6
rotate:90
