gui1.png
size:4025,2847
filter:Linear,Linear
pma:true
10
bounds:3709,67,348,301
rotate:90
13
bounds:3506,1475,261,568
14
bounds:1478,55,111,80
15
bounds:220,66,151,132
rotate:90
16
bounds:220,2,63,62
17
bounds:3229,885,342,364
rotate:90
19
bounds:3741,2535,245,310
20
bounds:1151,17,266,325
rotate:90
21
bounds:2,1626,1546,1219
22
bounds:3760,982,263,491
23
bounds:757,285,396,727
rotate:90
26
bounds:757,683,728,941
27
bounds:2308,818,919,2027
28
bounds:2409,197,619,731
rotate:90
29
bounds:381,338,374,1286
3
bounds:3229,2045,510,800
30
bounds:1487,1567,42,57
31
bounds:3229,1229,275,814
32
bounds:2,219,377,1405
33
bounds:3142,417,399,875
rotate:90
34
bounds:381,5,278,768
rotate:90
35
bounds:3506,1237,252,236
36
bounds:2996,45,85,150
37
bounds:2758,11,184,236
rotate:90
38
bounds:3769,1497,215,494
39
bounds:3595,1064,163,171
4
bounds:1487,137,645,920
rotate:90
41
bounds:2,6,211,216
rotate:90
5
bounds:1550,784,756,2061
6
bounds:3142,58,357,565
rotate:90
7
bounds:2409,3,347,192
bd
bounds:3769,1993,216,540
m
bounds:1487,1545,20,11
rotate:90
